0.228598435
0.302385616
0.522511215
0.530071594
0.620426682
0.642292043
0.808894083
0.247672707
0.287346947
0.520373998
0.528435487
0.622904206
0.642985302
0.807851205
0.243060654
0.291185819
0.520798726
0.528741654
0.622408082
0.642861173
0.808081473
0.220638235
0.308052904
0.523636279
0.531043087
0.619133365
0.641857379
0.809303531
0.193408459
0.325130426
0.527889684
0.535619668
0.614251904
0.639736973
0.809365171
0.163847942
0.34024722
0.532495891
0.542113264
0.609349463
0.636566362
0.804690855
0.132718355
0.352990682
0.536997231
0.548838494
0.606076468
0.632900587
0.794110382
0.10045722
0.363221024
0.540787907
0.55413665
0.605255673
0.629932703
0.7806057
0.067397319
0.370785295
0.542988417
0.557938742
0.605392613
0.629389245
0.767651779
0.033824321
0.375467351
0.543577316
0.560740675
0.60467977
0.631264367
0.758153497
0
0.377057583
0.543581968
0.561876757
0.604102827
0.63250892
0.754611864
0
0.377057583
0.543581968
0.561876757
0.604102827
0.63250892
0.754611864
0.029301705
0.376048503
0.543125084
0.561071695
0.603506561
0.632650113
0.757474282
0.058439763
0.373047495
0.54135517
0.559007735
0.601827597
0.633556964
0.765441097
0.087242116
0.368137303
0.537012756
0.556924808
0.599730601
0.635774498
0.777068229
0.115518291
0.361464989
0.528983057
0.556286007
0.59820568
0.639085684
0.790692329
0.143045872
0.353244665
0.517841859
0.55738538
0.597720804
0.642900046
0.804421588
0.169550975
0.343750144
0.505002203
0.559922834
0.598109576
0.646678064
0.815355684
0.194679814
0.333300128
0.491772472
0.563654083
0.598899146
0.650032527
0.81966449
0.217959631
0.322243334
0.479292502
0.568401605
0.599517451
0.652713096
0.817382704
0.238754121
0.310952605
0.468665952
0.573999488
0.599364062
0.654575513
0.812334738
0.256232617
0.299847993
0.461040513
0.580272665
0.597851184
0.655553806
0.807189464
0.256232617
0.299847993
0.461040513
0.580272665
0.597851184
0.655553806
0.807189464
0.257315868
0.297187451
0.463528714
0.580969829
0.598048784
0.654670383
0.805325793
0.258252927
0.293978508
0.467520077
0.577923166
0.601175081
0.653494328
0.804042558
0.258755101
0.290698088
0.472809332
0.572933206
0.605412903
0.652035409
0.803330558
0.258272124
0.288106048
0.479159617
0.567012858
0.609740562
0.650318486
0.803153091
0.256176839
0.287030866
0.486332221
0.560540493
0.613768362
0.648394006
0.80344908
0.252296039
0.287821805
0.494102381
0.55370265
0.617274793
0.64635982
0.804137496
0.247064139
0.290188756
0.50226034
0.546637204
0.620027664
0.644401282
0.805123423
0.241078087
0.29364709
0.5105878
0.539498096
0.621694922
0.642838133
0.806306156
0.234810749
0.297806473
0.518680132
0.532643655
0.62188238
0.642072477
0.80758953
0.228598435
0.302385616
0.522511215
0.530071594
0.620426682
0.642292043
0.808894083
